1.0000003385357559e-06
2.300000051036477e-05
6.400000711437315e-05
0.00013800000306218863
0.00019800000154646114
0.00026900000375462696
0.00031600000511389226
0.0003310000010969816
0.0006670000002486631
0.0009530000097583979
0.000990000000456348
0.0010190000029979274
0.0010760000004665926
0.0012279999937163666
0.001241000005393289
0.0012589999969350174
0.0012709999937214889
0.0013059999982942827
0.0013120000003254972
0.0013299999991431832
0.001476000001275679
0.0014830000000074506
0.001504000014392659
0.001564999998663552
0.0017250000018975697
0.0017619999998714775
0.001905999997688923
0.0019429999956628308
0.002043000000412576
0.002086000000417698
0.002472999993187841
0.002542999995057471
0.002550000004703179
0.0026919999945675954
0.0027120000013383105
0.0027209999971091747
0.0027689999988069758
0.003635000000940636
0.0037029999948572367
0.003859000004013069
0.00398999999742955
0.004003999994893093
0.004465000005438924
0.0045119999995222315
0.005944999999883294
0.006413000002794433
0.0070720000003348105
0.007114000000001397
0.008163999984390102
0.00854300000355579
0.01207500000600703
0.016238000003795605
0.026796000005560927
0.030014999996637926
0.03162799999699928
0.033029000005626585
0.035534999999981665
0.03591999999480322
0.03756199999770615
0.037899999995715916
0.038417999996454455
0.03870699999970384
0.042468999999073276
0.042477999995753635
0.04360599999927217
0.045920999997179024
0.04785500000434695
0.051127000006090384
0.062067999999271706
0.07133300000714371
0.07750800000212621
0.09496000000581262
0.09674400000039896
0.09982900000613881
0.10264199999801349
0.10487799999827985
0.10593600000720471
0.11454000000958331
0.1223279999976512
0.13779799999610987
0.1382560000056401
0.14019800000824034
0.1482319999995525
0.15252099999634083
0.16137900001194794
0.16909799999848474
0.17147200000181329
0.17188399999577086
0.18079600000783103
0.1891990000003716
0.18978700000116078
0.1924799999978859
0.1962720000083209
0.1970699999947101
0.2256510000001981
0.24423100000058184
0.29051999999865075
0.30461999999533873
0.32678600000508595
0.328693999996176
0.3479709999955958
0.3546139999962179
0.3808859999990091
0.3869520000007469
0.3870009999955073
0.3897500000020955
0.39346399999340065
0.39638900000136346
0.40795999999681953
0.4134759999997186
0.4256009999953676
0.4279510000014852
0.43199099999765167
0.44092300000193063
0.4450230000002193
0.45912700000189943
0.4637700000021141
0.4777639999956591
0.47870600000896957
0.4787300000007235
0.48195399998803623
0.4820079999990412
0.48628699999972014
0.49478399999497924
0.5017520000037621
0.5073800000027404
0.5110290000011446
0.5168499999999767
0.5214540000015404
0.5229120000003604
0.5311199999923701
0.5563460000048508
0.5668099999966216
0.5709999999962747
0.5823099999979604
0.6058189999894239
0.6863819999998668
0.6887780000033672
0.7109369999961928
0.7122939999972004
0.7290699999939534
0.7489490000007208
0.7515589999966323
0.754956000000675
0.7647580000048038
0.766472999999678
0.7691220000015164
0.7776279999961844
0.7836769999994431
0.7916950000071665
0.7965799999947194
0.8084340000059456
0.8233709999985876
0.8426909999980126
0.8591249999990396
0.8737990000081481
0.9001779999998689
0.9170940000039991
0.9195720000061556
0.9372790000052191
0.9617659999930765
0.9665049999994153
0.9896630000002915
0.9903039999990142
0.9949540000015986
1.0015549999952782
1.0054850000014994
1.0057489999999234
1.0242300000027171
1.0331090000036056
1.0486540000056266
1.0501190000068163
1.0681409999961033
1.0803699999960372
1.090872999997373
1.1493879999979981
1.1584460000012768
1.1585179999965476
1.165991000001668
1.202092999992601
1.2027079999970738
1.205562999995891
1.2160679999979038
1.2447519999996075
1.2609790000005887
1.28197899999941
1.2928379999993922
1.3091410000051837
1.3124959999986459
1.3238920000003418
1.3339899999991758
1.3437940000003437
1.346027999999933
1.351492000001599
1.3673730000009527
1.3734889999998359
1.3854410000058124
1.396078000000216
1.3995300000024145
1.4057319999997162
1.4219459999985702
1.4502270000084536
1.4557880000002115
1.467540999998164
1.4730519999993703
1.482265999991796
1.4963119999993069
1.5028220000094734
1.5164370000020426
1.5224309999975958
1.52374800000689
1.5267410000087693
1.5329009999986738
1.5775969999813242
1.5810710000005201
1.5877819999986968
1.5930200000002515
1.6121730000013486
1.6193420000054175
1.6198779999976978
1.624824999998964
1.630565999999817
1.632025999999314
1.6609870000011142
1.68120700000145
1.6914989999932004
1.70044699999562
1.7162789999856614
1.72175499999139
1.725376000002143
1.7330259999871487
1.750438999995822
1.7519889999966836
1.765880000006291
1.7810360000075889
1.832325999996101
1.8360560000000987
1.8606129999971017
1.8702510000002803
1.8724839999922551
1.87498499999856
1.8758120000056806
1.8770319999966887
1.8852090000000317
1.9193379999996978
1.9266999999999825
1.938068999996176
1.9653400000024703
1.9846449999995457
1.9902400000000853
1.9939860000001772
1.9945630000001984
2.0029410000024654
2.0114469999898574
2.036871999996947
2.039338000002317
2.042144000000917
2.0433300000149757
2.0638569999864558
2.0837830000018585
2.086298000009265
2.0997240000033344
2.1149139999906765
2.1343289999931585
2.14463799999794
2.1501439999992726
2.1723259999998845
2.191534999990836
2.199427999999898
2.21173500000441
2.2267619999984163
2.241357999999309
2.2424899999969057
2.256040000000212
2.268568999992567
2.2695990000001984
2.302026000004844
2.3055679999961285
2.3061429999943357
2.307315000001836
2.3103480000063428
2.3452919999908772
2.34733899999992
2.3659809999953723
2.3720089999915217
2.3934190000145463
2.4040030000032857
2.427244000000428
2.432534999996278
2.4349549999897135
2.4392099999968195
2.4407939999946393
2.4409280000036233
2.4724799999967217
2.48428600000625
2.489740000004531
2.493484999984503
2.5100079999974696
2.520850000000337
2.5275299999921117
2.5572139999967476
2.573047999991104
2.574646999994002
2.578389000002062
2.5794390000010026
2.5798959999956423
2.5925379999971483
2.596482000008109
2.628933000014513
2.643528000000515
2.6579150000034133
2.6720079999977315
2.679861999997229
2.683982999995351
2.690426999994088
2.695493000006536
2.72720400000253
2.727524000001722
2.728432999996585
2.7336409999988973
2.7344210000155726
2.740903999994771
2.7879510000057053
2.792541999995592
2.811492000000726
2.815412000003562
2.8618330000026617
2.8986299999960465
2.8992530000000443
2.9001829999979236
2.9014860000024782
2.90236300000106
2.903332000001683
2.904824000001099
2.912481999999727
2.917401000006066
2.921954999997979
2.9250020000035875
2.9287319999930332
2.9328329999989364
2.933247000000847
2.9401569999972708
2.9414120000001276
2.9440059999997175
2.946712999999363
2.9609440000022005
2.964299999999639
2.9684809999889694
2.970987000000605
2.9890289999984816
2.9944799999939278
2.997729000002437
2.9979259999963688
2.9984180000028573
3.000799999994342
3.008028000003833
3.013333999999304
3.022286000003078
3.02655599998252
3.031176000004052
3.0315080000000307
3.052670000004582
3.059359000000768
3.0868699999991804
3.0879839999997785
3.111594000001787
3.1207480000011856
3.129484999983106
3.1405070000037085
3.1460950000036974
3.1471890000029816
3.1661440000025323
3.169666000001598
3.172589000001608
3.1979169999904116
3.205331999997725
3.266310999999405
3.279954000012367
3.296852999992552
3.3073660000081873
3.3478479999976116
3.364263999999821
3.390071000001626
3.4138899999961723
3.420912000001408
3.4420070000051055
3.4928599999984726
3.5194230000051903
3.540477999995346
3.551021999999648
3.551047999993898
3.5547669999996288
3.55595799999719
3.5592410000099335
3.5675200000041514
3.6095490000006976
3.6176780000096187
3.618612000005669
3.6480049999954645
3.654782999990857
3.6561969999966095
3.67048000000068
3.6726140000100713
3.6880719999971916
3.7352840000094147
3.7639710000075866
3.7671209999898565
3.787116999999853
3.7871220000015455
3.787516999989748
3.7956039999990026
3.8007460000080755
3.819123999999988
3.891474999996717
3.9030320000019856
3.9110359999976936
3.922370000007504
3.9335550000105286
3.968537999993714
3.9811679999984335
4.042918000006466
4.055303000001004
4.104654000002483
4.120513000001665
4.12616399999979
4.129937999998219
4.210040000005392
4.223115999999209
4.2414109999954235
4.253464000001259
4.269100000001345
4.2874920000031125
4.294485999998869
4.2958960000014486
4.3065110000025015
4.309293999998772
4.313057999985176
4.358402000005299
4.364895999991859
4.385001000002376
4.427127000002656
4.468863999994937
4.500735000000532
4.5023849999997765
4.507966999997734
4.508239999995567
4.521020000000135
4.537781999999424
4.54047100000389
4.56408100000408
4.593345000001136
4.597035999991931
4.607132000011916
4.612454999994952
4.652074000001448
4.658819000000221
4.685283999999228
4.686605999995663
4.69446699999753
4.6957560000009835
4.709046000003582
4.7251430000033
4.777836000001116
4.8276999999943655
4.857594999994035
4.866316999999981
4.888831000003847
4.890011999996204
4.935493000004499
4.9371500000002015
4.938523999997415
4.963874000000942
4.969626000000062
4.989089999999123
5.002958000000035
5.015953999998601
5.032478999994055
5.083549999999832
5.087463999996544
5.092324000001099
5.100103999997373
5.11714899999788
5.12445999999909
5.1293449999939185
5.161876999991364
5.170920999997179
5.171517999995558
5.175452000010409
5.1973200000065845
5.199031999996805
5.223660000003292
5.234362000002875
5.256448000000091
5.290398000004643
5.296491999999489
5.313916999999492
5.354852999997092
5.410231000001659
5.4356169999955455
5.472212000000582
5.479579000006197
5.545275000000402
5.571233000002394
5.678773999999976
5.686764000000039
5.700453000004927
5.76957900000707
5.79761100000178
5.807313999999678
5.828866999996535
5.844167000002926
5.859457999998995
5.88919299999543
5.889459000012721
5.92677000000549
5.92701799999486
5.927396999992197
5.931542999998783
6.088753000003635
6.143209999998362
6.154114000004483
6.165004000009503
6.187112000014167
6.210151999999653
6.230132999999796
6.233380000005127
6.235482999996748
6.263353999998799
6.274396000000706
6.31764700000349
6.3409260000007635
6.402096999998321
6.449540000001434
6.457396000012523
6.467996999999741
6.506063999993785
6.514112000004388
6.556660999998712
6.58258499999647
6.64212700000644
6.647590000000491
6.66989200000171
6.697705999997197
6.7137659999998505
6.85201500000403
6.864252999992459
6.890033000003314
6.912544999999227
6.928882999998677
6.929859000010765
6.936118000012357
6.971262999999453
7.028176000007079
7.0544539999973495
7.135656999998901
7.1501140000036685
7.249603999993269
7.249863999997615
7.2676120000014635
7.327143000002252
7.387868999998318
7.582668000000012
7.604055000003427
7.643723000001046
7.726083000001381
7.755784999999378
7.762231000000611
7.774739000000409
7.788485000000037
7.8189539999948465
7.820341999991797
7.851946000009775
7.8606349999972736
7.927441999999701
7.989964999999756
7.999013000000559
8.047475000001214
8.098939000001337
8.100526999998692
8.109142000001157
8.115182000001369
8.168443000002299
8.172573999981978
8.181312000000617
8.188438999997743
8.232937999997375
8.262244999990799
8.270784999986063
8.272929999999178
8.324317999984487
8.424719000006007
8.478827000006277
8.52247499999794
8.53262900000118
8.53840699999273
8.54417100000137
8.664724000002025
8.740388999998686
8.757747999996354
8.76356699999451
8.888935000002675
8.890801000015927
8.908858000009786
8.924191999991308
8.995938000000024
9.009937000009813
9.023983000002772
9.032884999993257
9.050301000010222
9.105438999999024
9.123241000001144
9.182136999996146
9.255205999997997
9.258405999993556
9.324438000003283
9.333454999999958
9.449475000001257
9.491497999995772
9.537087000004249
9.599308000000747
9.690670000010869
9.703072999998767
9.761066999999457
9.767747000005329
9.780033000002732
9.780136000001221
9.824929000002157
9.825462999999218
9.983680000004824
10.054636000004393
10.06492900000012
10.080582000002323
10.093557999993209
10.120492999994894
10.125750999999582
10.134847000001173
10.156929000000105
10.17920199999935
10.199889000003168
10.204255999997258
10.213955999992322
10.236763000000792
10.247925999996369
10.288054999999986
10.30693600000086
10.413831999998365
10.454839000000447
10.54171900000074
10.776714999999967
10.780725000004168
10.835885000007693
10.878924999997253
11.03455800001393
11.034910999998829
11.062011999994866
11.147748000000092
11.173872999992454
11.209993000011309
11.322888999995484
11.42075400000249
11.423068999996758
11.563705000000482
11.567760999983875
11.671097000013106
11.700454999998328
11.810846000007587
11.825118000000657
11.875982000005024
11.943398999988858
11.970440999997663
12.000917000012123
12.090667000000394
12.133179999989807
12.133582000002207
12.1446350000042
12.167057000013301
12.168010000001232
12.185837999997602
12.2071350000042
12.401126000000659
12.424150999999256
12.435163999994984
12.45303600000625
12.45830500000011
12.53697999999713
12.714259000000311
12.732375000000047
12.749276999995345
12.814602000005834
12.82622600000468
12.861798999999962
12.875176999998075
12.910705000002054
12.910921000002418
12.998657000003732
13.001623000003747
13.053830999997444
13.08227800000168
13.22121999999581
13.342441999993753
13.398321000000578
13.468235000000277
13.484150999996928
13.52688199999102
13.586447999994562
13.591913999996905
13.648901000007754
13.78701600000204
13.793351000000257
13.800027999997837
13.888615000003483
13.900740000011865
13.933290000015404
13.95847800001502
13.973498000006657
14.196216000003915
14.206818999984534
14.207152000006317
14.212146999998367
14.214542999994592
14.25310900000477
14.340765000000829
14.355348000004597
14.381010000004608
14.431606999998621
14.527126999999382
14.532671999993909
14.543803999999
14.576660000006086
14.6395799999882
14.77191199999993
14.779853999996703
14.830391999988933
14.859502999999677
14.943765999996685
15.034241000001202
15.063833000007435
15.174103000004834
15.202368000000206
15.247327000004589
15.296211000000767
15.354935000003024
15.380170000000362
15.397430999997596
15.452141000001575
15.484735
15.494036000003689
15.533885999997437
15.624756000004709
15.660753999996814
15.706249000002572
15.748223999995389
15.757966000004672
15.844109999998182
15.845963000001575
15.863309999999728
16.021177000016905
16.10713499999838
16.12436599999637
16.211295000000973
16.239391999999498
16.245100000000093
16.28556000000026
16.312873999995645
16.3263089999964
16.328968000001623
16.47972899999877
16.545861999999033
16.587641000005533
16.588407999999617
16.63734299999487
16.639948000003642
16.654951999997138
16.69095400000515
16.714553000001615
16.731563000001188
16.799955000009504
16.891479999991134
16.907707000005757
17.06718700000056
17.092694999999367
17.151922000000923
17.172210999993695
17.194210999999996
17.194988999999623
17.23166200000196
17.45671099999163
17.509837999998126
17.522954000000027
17.592532999999094
17.75081499999942
17.792419999997946
17.976306999997178
17.9901890000001
18.192597999994177
18.308869999993476
18.31313699999737
18.321335999993607
18.330084999994142
18.408019999998942
18.466682999991463
18.486634000000777
18.53269800000271
18.653965999998036
18.661435999998503
18.69314000000668
18.694227999993018
18.764222000005248
18.78648200000316
18.819156000005023
18.843935999990208
18.87873600000603
18.885804000000007
18.892204999996466
18.89958599999227
18.95779899998888
19.01031999999759
19.104584000000614
19.181477999998606
19.237395000003744
19.250404999998864
19.309143000002223
19.334863000010955
19.346228000009432
19.3563660000018
19.378357000001415
19.45320200000424
19.470522999999957
19.534255000005942
19.556719000007433
19.561986999999135
19.58248900000035
19.661441999996896
19.725534000011976
19.82778999999573
19.895273000001907
19.93951999998535
20.017961999990803
20.030929999993532
20.05934900000102
20.060812000003352
20.200265000006766
20.264381999997568
20.267219000001205
20.29749700000002
20.312709999999697
20.349591999998665
20.41029399999752
20.486154999991413
20.488554000003205
20.523386999997456
20.53752899999745
20.62861800000246
20.698668999997608
20.71655700000008
20.72930199999996
20.79846599999655
20.867121999981464
20.957062999999835
20.96526700000686
21.031005000011646
21.05423599999631
21.21700000000419
21.252591000000393
21.422681999989436
21.483616000004986
21.510149000001547
21.517909999995027
21.574619999999413
21.712721999996575
21.71850199999608
21.748084999999264
21.79228399999556
21.956396000001405
22.1588219999976
22.24198800000022
22.341636999990442
22.342687999996997
22.36255700000038
22.42149800000334
22.452569000008225
22.470964999993157
22.65846000000238
22.662664000003133
22.689758000000438
22.88831300000311
23.007590000001073
23.160071999995125
23.197563999987324
23.383444999999483
23.444979999985662
23.460919000001013
23.55154800000014
23.637156999997387
23.762058000000252
23.819705000001704
23.86719499999981
23.925314000007347
24.015158999998675
24.172448999999688
24.210854000004474
24.291035999995074
24.329491000000417
24.34799199999543
24.370909999990545
24.396466000005603
24.54951300000539
24.68998400000055
24.702213999997184
24.868908999997075
24.894711000000825
24.915518000008888
24.929582999999184
24.961663000000044
25.227248000002874
25.260716000004322
25.30426700001408
25.40939900000012
25.412344000000303
25.441783000016585
25.44695700000011
25.488841999991564
25.541765999999825
25.608753999993496
25.619564000000537
25.627135000000635
25.85650600000008
25.89806200000021
25.928200000009383
25.97252500000468
26.048633000005793
26.188929999996617
26.204991999991762
26.21314999999595
26.239813000000026
26.32016300000032
26.656159999998636
26.890211000005365
26.93035399999644
26.96222499999567
26.992603000006056
26.9999389999939
27.08900700000231
27.207495999999082
27.375075000003562
27.45750499999849
27.486699999997654
27.524787000002107
27.61927800000194
27.676692000000912
27.694181999999273
27.744932000001427
27.841406999992614
28.24029199999859
28.30116000000271
28.32042999999976
28.321131000000605
28.325748999999632
28.364876999992703
28.622549000006984
28.628563999998732
28.750570999998672
28.795218999999634
28.8481399999946
28.873827999996138
29.069651999998314
29.146799000009196
29.162151000004087
29.38378799999191
29.48607000001357
29.50493000000006
29.58409599999868
29.80928099999801
29.977754000000004
30.08099499999662
30.114831999999296
30.188163000013446
30.334354999984498
30.49688099998457
30.51162099999965
30.757281000005605
31.021031000011135
31.021702999998524
31.08203400000093
31.15920400000323
31.174849000002723
31.196458000000348
31.32388300000457
31.419078000006266
31.43591000000015
31.48027000000002
31.559902000000875
31.586616999993566
31.647314000001643
31.649149999997462
31.679144000001543
31.96368100000109
32.044229999984964
32.223722000002454
32.500536999999895
32.503363000003446
32.54647300000215
32.718925000001036
32.74253300000237
32.81618400001025
32.91305299999658
33.06855099999666
33.15820200000053
33.446752999996534
33.48888100000002
33.57916500001011
33.67207199999393
33.716327999994974
33.898191000000224
33.92987699999503
33.95069700000022
34.04538799999864
34.237324000001536
34.24167299999681
34.31606599999941
34.39028700000199
34.57467199999883
34.68941199999972
34.817849000013666
34.848897999989276
34.92535900000075
35.02150999999867
35.415357000005315
35.4632359999996
35.495882999999594
35.58949699999903
35.6172060000099
35.796787999992375
36.120450000002165
36.36646100001235
36.394649000001664
36.517737000001944
36.79270000000179
37.110952000006364
37.12247199999911
37.21567999999388
37.237920999999915
37.3280969999978
37.43782300000021
37.45072399999481
37.49863699999696
37.5049960000033
37.63115999999718
37.859896000001754
37.92183400000795
38.01982300000964
38.403115000008256
38.4919149999987
38.50269899998966
38.578677999998035
38.58707199999844
38.626430000000255
38.653612000001885
38.781245000001036
38.787647999997716
38.81387100000211
38.95192900001712
39.0927920000031
39.10482400000001
39.34909200000402
39.37353499999881
39.820801000001666
39.84437199999229
40.09969600000113
40.1436990000002
40.189572999999655
40.270338000002084
40.29809400000522
40.384287999986554
40.71154400001251
40.91453999999794
41.06807300000219
41.48108100000172
41.48617199999717
41.54227699999683
41.59331899999961
41.985610999996425
42.00908099999651
42.139632000005804
42.18469300000288
42.26582800000324
42.4323929999955
42.48545100000047
42.49064599999838
42.7308669999984
42.79522900000302
42.85084199999801
42.97311300000001
43.04277699999875
43.10602999999901
43.12184699999989
43.24423999999999
43.56519300000036
43.60444500000449
43.785210000001825
43.82511499999964
43.83365799999592
43.84645700000692
43.87310399999842
43.97137400000065
44.30743699999584
44.44978999999876
44.45014199999969
44.74135000000024
44.808712999998534
44.8660699999964
45.12790799999493
45.34243599999172
45.50904799999989
45.60110599999962
45.85074999999779
46.10064099999727
46.31752399999823
46.43159900000319
46.62533899999835
46.62752300000284
46.63557400000036
46.85301900000195
46.904725000000326
46.91975800000182
47.073463000007905
47.44167599999855
47.53349799999705
47.57390799999848
47.61235900000065
47.63770400000067
47.63927400000102
47.6659639999998
48.00543900000048
48.12499099998968
48.143080000001646
48.2307830000027
48.2698330000012
48.391231999999945
48.52245700000003
49.016160999999556
49.03685099999984
49.03722400000004
49.13826100000006
49.2540880000015
49.28646299999673
49.290535999999975
49.3496260000029
49.54970699999831
49.58310999999958
49.77228099999775
49.77709599999798
49.82038599999942
49.8982410000026
50.235280999999304
50.37359899999865
50.608359999998356
50.6367180000002
50.73296900000423
50.78486799998791
50.93166200000269
50.95445800000016
51.11362499999814
51.208755999999994
51.28571499999816
51.339455000008456
51.35023299999739
51.47833499999251
51.592624000000114
51.63483599999017
51.781160999998974
52.019964999992226
52.243041000008816
52.52454999999463
52.97083400000702
52.97635599999194
52.986358000009204
53.22343600000022
53.81436100000428
53.994112000000314
54.06572099999903
54.54000100000849
54.65595400000166
54.66541899999993
55.144186000000445
55.164998000000196
55.20620799998869
55.40846099999908
55.465024999997695
55.86839599999803
56.38068799999928
56.48646799999915
56.50827700000082
56.55787099999725
56.6489969999966
56.6565649999975
56.87066899999991
57.18683299999975
57.338691000004474
57.38836299999821
57.777954999997746
58.28306199999861
58.39213000000018
58.56314500000008
58.74592999999993
58.99946700000055
59.394029999999475
59.600751999998465
59.663384000001315
59.694816999995965
60.09062599999743
60.09730100000161
60.100442000009934
60.53953300000285
60.566092999997636
60.767113000008976
61.257894000002125
61.68505400000049
61.79493799999909
62.18265500000052
62.27931700000045
62.520956999997
62.5790330000018
62.59040100000129
62.90886899999896
62.939772000012454
62.97054399999615
63.013303000007
63.043129999990924
63.28337699999611
63.32745100000466
63.391475000000355
63.46192499999597
63.57002300000022
63.57664400000067
63.742317999996885
63.797216999999364
63.897562000005564
63.90843999999197
64.15578699999969
64.68172699999968
64.7583560000021
65.12671600000249
65.36467499999708
65.5776990000013
65.73376400000052
65.76345799998671
65.91090100000292
65.96943600000031
66.3014930000063
66.81747400000313
67.1103310000035
67.48167600000306
67.73875800000678
67.79326999999466
67.85113199999614
67.94849100000283
68.20388799999637
68.36058799999591
68.5238070000014
68.6793370000014
68.7123009999923
68.90953000000445
69.1580080000058
69.18214600000101
69.34591599999112
69.38741999999996
69.58878299999924
69.86390500000016
70.0286580000029
70.28720199999225
70.32974000000104
70.59054900000046
70.68529500000295
70.81543099999908
71.14198599999963
71.14944800000012
71.16907600000195
71.23162700000012
71.37327700000606
71.52954600000021
71.66000499999973
71.72381499999028
71.8675519999997
71.95937400000184
72.13183399998525
72.13599700000123
72.19220700000005
72.26750000000175
72.31322399999772
72.40648300000612
72.43401200001244
72.45286700001452
73.03810099999828
73.35551600000008
73.52529700000014
73.82416000000376
74.07914699999674
74.58045900000434
74.67064899999968
74.89524299999903
75.7850169999947
75.91506500000833
76.09778899999947
76.37921300000016
76.80107699999644
76.87935899999866
76.9025959999999
76.933140000001
77.00779600000533
77.16530500001682
77.38682099999278
77.43421000000671
77.60860599999432
77.69706900000165
77.74724300000071
78.12911000000531
78.41163000000233
78.56744100000105
78.94813400000021
79.70821900000738
79.94200199999977
79.9744580000006
80.21747600001981
80.25963500000216
80.92460800000117
81.38432599999942
81.45184099998733
82.89325100000133
83.17807399999583
83.30457599999863
83.53853500000332
83.81787399999666
84.92942200000107
85.02902799998992
85.05838999999105
85.29533299999994
85.44112900000255
85.50533799999903
85.75291000000107
85.79764299999988
86.31251600000542
86.56972299999961
86.6337429999985
86.885179
87.24331799999709
87.41502500000934
87.59786199999508
87.62971999999718
88.34803599999577
88.42309499999828
88.55918899999983
88.74300299999595
88.76035700000102
89.40506700000333
89.43807500000003
89.64835699998366
89.8914070000028
90.07635799999844
90.39624700000059
90.75597099999868
91.19848599999386
91.36683400000038
92.28357099999994
92.34747299999435
92.47686100000283
92.89919999999984
93.19609599999967
93.72384900000179
93.81992599999649
93.95521699999881
94.34333199998946
94.40555200000381
95.49420999999984
95.80858099999023
96.37723300000289
96.41931900000054
96.54140000000007
96.59766800000034
96.89503999998851
97.04846299999917
97.09997600001225
97.79968399999962
98.14372399999411
98.1573040000003
98.30695999999989
98.47048799999902
98.89369000000443
99.4083399999945
99.49300399999629
99.57982300000731
99.73523000000569
99.9257329999964
100.07553899999766
101.17899000000034
101.47859399999288
101.48184799999945
101.75634499998705
102.67591199999879
102.97963699999673
103.00941199999943
103.34171099999367
103.70055799998954
104.3964820000001
104.80037099999981
105.83316600000398
105.85050400000046
106.13615000000027
106.44305199999872
106.7563930000033
106.90283799999452
107.54746300000261
107.82803499999864
108.43051299999934
108.4337540000015
108.89449599999989
109.88184799998999
110.35785399999804
110.41591999999946
110.42158199999994
110.53260200000659
111.51537499999904
111.66925400000036
112.43310999999812
112.47389799999655
113.23465399999986
113.2428310000032
114.32721200000378
114.33325899999181
115.07761000000755
115.1451079999988
115.8944679999986
115.97718299999542
116.21142300000065
116.3318159999908
116.49147599999924
116.60556700000234
116.65073099999972
116.73153700000148
116.96011700000054
117.40163399999437
117.80305699999008
118.18882900000608
118.80275200000324
119.2066960000011
119.36910400000033
119.85810300000048
119.99292699999933
120.41712199999893
120.84648300000117
120.84956399999646
121.56320999999298
123.01059699999314
123.3270210000046
123.46238900000026
123.67184199999974
123.67491800000062
124.44421700000021
124.81403499999988
125.48905000000013
126.0542609999975
126.1202600000006
126.15960200000154
127.29104800000005
128.07437299999583
128.5275380000021
129.37452399999893
129.53472799999872
129.8893309999985
129.90091399999983
130.11523400000442
131.0735859999986
131.89898699999867
132.0639519999968
132.62757400001283
132.71565800000099
133.38568699999996
133.74360500001058
133.7522489999974
133.79674700000032
133.89157499999965
134.81188100000145
135.4166170000026
135.60945500000525
135.65074000000004
136.475864
136.99208400000134
137.0511750000005
137.8088420000022
137.8363920000047
138.28795300001366
138.31020100000023
139.0860049999992
139.19471399999748
140.32067000000097
140.63983800000005
143.2049479999987
144.35323900000367
145.59328300000197
146.38283400000364
146.40844700000162
146.66844599999968
147.28270599999996
147.70392799999536
147.78884200000903
148.1393109999999
148.9078950000112
149.99556100000007
150.52779599999485
151.08325100000184
151.43273000000045
151.88848300000245
152.02283600000374
152.13598099999945
152.90435899999284
153.00072000001092
153.49694399999862
154.0798700000014
154.28713099999004
154.5499539999946
156.91682700000092
157.71827199999825
157.7711039999922
157.78362399999605
159.08912000000055
160.68352900000173
161.6450799999875
161.70777500000258
162.6130140000023
162.64867599999707
163.33474099999876
163.92421299999842
165.1913149999964
165.5739470000044
166.81300200000624
168.93217799999547
169.20788200000243
169.9946399999899
171.19351899999947
173.09086699999898
173.96366699999635
173.99734700001136
174.1958569999997
174.19936900000175
174.37584300000162
176.29378199999883
176.88009199999942
177.51900000000023
177.83060099999784
179.3088710000011
181.05443899999955
181.169693
181.97969000000012
182.91841200000636
184.83773399998609
185.51643300000433
186.09963399999833
186.17294800000673
187.93565200000012
189.65382499998668
189.90428099999554
189.98575400000118
190.6161839999986
190.8776880000005
191.86996100000397
192.37123799999995
193.3519859999942
194.26328999999896
194.41803999999684
196.18253000000186
198.06206499999826
200.3610650000046
201.48667100000603
201.49644500000431
201.58781900000122
205.76665400000002
207.26192499999888
207.972311000005
208.77660300002026
210.69542699999965
210.86628700000074
213.42869299999438
214.95354799999768
214.9586339999987
216.16980500000136
217.537946000004
219.02829999999813
220.69904099999985
221.48072300000058
222.47258000000147
223.77002099999936
224.6953570000005
224.75571600000694
226.352175
226.6491600000154
230.4573290000044
233.44870499999888
235.9149230000039
236.42718000001332
238.50447200001508
240.4889890000013
243.84273399999802
247.47248699999182
247.7088200000071
248.04839300000458
248.78557499999988
250.4610160000011
252.13317500000267
254.5971900000004
255.94764399999985
256.6715100000001
256.70183800000086
257.21698800000013
257.24652700000115
261.37480099999993
261.77758899999026
263.3217539999969
265.12063799999305
268.69970000000103
270.47139700000116
271.4402999999984
272.73624699999345
273.43746100000135
273.9424249999938
274.64864199999283
278.95657100000244
283.28390700000455
283.76804999999877
284.06308000000354
284.9396770000003
289.3437460000059
295.2113329999993
296.16324700000405
297.1204219999927
302.55805600000895
